8.76
49.23
19.60
30.19
12.92
13.14
25.51
10.41
16.50
11.34
0.07
45.80
33.37
38.44
39.21
47.74
19.07
12.50
14.37
48.29
42.07
22.71
10.68
1.16
14.64
7.91
13.84
19.93
4.74
46.65
28.36
48.88
39.71
22.29
36.55
47.12
14.72
35.16
40.00
2.68
3.12
49.81
32.79
8.77
24.99
29.78
36.06
44.98
13.02
36.60
25.09
6.58
21.32
5.55
20.24
9.05
30.57
24.15
46.91
40.18
34.61
3.86
41.25
47.17
36.31
40.31
6.48
37.38
28.26
32.04
15.99
29.62
42.08
39.75
11.72
2.98
36.25
13.64
38.29
16.52
3.38
27.46
23.83
17.50
30.60
38.92
15.65
4.88
33.52
42.09
33.67
18.20
18.92
40.01
39.98
17.40
35.69
37.50
29.17
14.20
43.79
48.88
27.79
36.10
41.34
31.82
40.40
13.20
6.97
18.17
26.70
49.02
2.30
21.89
37.89
45.89
38.02
24.56
44.41
39.41
17.29
31.87
31.61
24.11
29.12
5.33
39.57
3.38
38.49
22.57
39.71
46.23
36.35
20.19
17.46
0.17
20.25
34.61
41.49
27.31
8.00
41.62
23.15
25.07
27.42
7.95
21.39
28.47
24.26
30.14
30.12
45.02
4.59
35.05
43.66
20.73
34.57
25.10
34.72
19.31
27.82
49.10
5.48
35.30
22.36
42.35
44.04
27.04
36.60
2.05
6.02
25.21
18.33
36.94
8.33
43.67
46.37
1.50
4.93
25.50
45.55
4.26
45.60
49.72
3.37
4.84
25.12
2.77
31.69
38.04
1.61
1.31
32.01
18.49
40.11
0.37
31.20
25.10
18.76
49.81
18.24
44.28
44.43
21.45
5.23
46.36
38.62
31.31
24.86
25.76
45.24
13.82
40.42
23.40
32.68
27.92
45.64
49.20
20.10
34.41
43.55
8.61
45.15
4.13
44.93
1.45
7.13
41.03
39.43
22.75
44.86
29.27
31.03
35.79
13.70
29.70
0.31
12.32
13.79
42.48
14.98
27.30
9.14
12.19
15.09
20.09
17.69
1.67
18.08
39.62
44.99
11.91
12.53
36.04
3.27
41.14
38.10
41.88
17.50
44.90
6.22
7.65
30.63
47.32
20.74
37.06
29.73
32.41
23.45
25.86
39.95
38.76
48.15
15.31
21.83
43.17
21.36
48.14
10.22
49.48
4.39
20.24
33.19
21.87
18.76
32.75
8.24
21.52
31.86
20.95
33.22
36.65
11.46
25.95
40.98
49.58
39.34
21.79
22.88
27.23
28.74
12.08
3.63
6.87
47.04
21.44
35.47
4.86
44.90
9.89
10.61
16.11
31.15
28.65
3.77
41.65
42.25
25.31
30.28
27.47
8.87
25.93
34.25
10.94
40.46
33.37
5.32
8.53
3.06
15.31
17.79
0.46
19.09
39.26
2.95
43.05
49.78
6.35
7.15
45.62
22.25
14.06
29.75
23.71
20.55
5.52
23.30
30.95
22.05
23.63
26.69
17.80
44.52
32.50
1.45
35.01
33.18
43.05
13.88
15.93
16.87
3.14
21.84
31.39
16.28
45.31
26.13
5.42
32.98
36.66
38.16
48.77
44.33
0.22
3.64
36.39
23.34
38.58
30.77
17.12
15.64
24.10
30.69
25.68
10.26
23.84
44.86
1.73
8.17
11.37
5.81
1.71
35.14
18.04
9.05
17.43
32.02
24.42
6.41
33.31
2.36
40.15
40.39
47.33
5.06
11.73
6.01
25.64
6.74
1.30
0.70
6.70
13.11
43.64
24.42
24.83
14.59
11.84
23.78
36.48
19.08
32.57
37.55
9.01
34.24
2.13
36.03
36.05
36.12
14.39
4.53
21.35
31.74
43.85
47.07
2.67
23.81
21.29
15.10
38.67
25.72
17.93
20.82
44.36
33.69
17.82
27.18
42.24
45.69
36.24
24.35
21.65
40.83
29.19
14.48
40.60
32.58
3.78
23.74
9.49
24.80
34.67
15.74
5.21
21.52
7.64
15.14
1.02
29.48
25.89
14.92
26.83
46.83
49.51
3.04
26.58
41.93
43.53
35.69
33.77
43.22
31.93
12.69
2.14
36.52
6.47
45.52
20.39
15.88
26.17
13.02
29.87
25.06
16.10
47.51
5.27
38.26
27.86
44.96
0.44
18.84
7.73
25.25
13.25
42.62
29.15
16.03
13.40
30.90
38.51
46.15
48.28
21.31
29.41
9.77
48.84
25.60
38.33
8.75
47.41
15.34
45.99
43.39
15.53
0.63
36.26
41.57
41.29
29.66
35.85
6.55
17.20
1.62
33.77
22.82
0.25
0.10
44.74
44.77
5.55
32.91
30.82
44.63
25.25
19.30
5.07
31.95
30.49
43.34
17.86
30.70
45.89
9.28
28.98
38.17
0.67
8.38
11.62
16.12
46.35
12.88
9.07
7.53
32.78
7.26
28.79
33.14
10.18
29.19
40.23
1.42
45.01
9.15
41.01
47.67
47.55
44.32
3.25
12.74
9.85
33.63
4.93
1.78
21.64
39.14
9.26
15.97
4.13
26.33
40.90
43.29
38.58
0.39
43.51
12.89
37.91
13.18
17.36
40.11
11.46
41.58
27.64
14.93
27.68
14.73
38.72
4.97
22.86
9.93
34.31
44.73
28.87
14.20
3.52
17.21
24.14
31.30
4.09
21.29
23.01
39.33
21.90
7.58
30.20
1.93
7.98
22.18
20.90
9.62
20.77
18.01
37.25
21.45
30.56
27.40
23.42
5.09
43.32
8.62
5.89
45.24
31.05
42.21
7.19
28.84
7.62
32.04
10.62
1.82
0.61
14.45
44.92
33.63
15.80
12.65
49.43
34.60
47.54
28.23
9.66
48.03
12.41
41.44
38.54
4.01
36.18
21.96
37.77
16.29
42.88
20.11
9.24
41.30
42.29
43.73
36.62
20.90
29.73
35.00
37.10
12.74
48.10
33.30
16.03
11.20
7.78
35.80
27.36
36.98
33.14
33.37
4.43
36.06
10.44
26.29
20.32
6.42
5.51
16.28
27.52
9.01
32.02
33.88
10.84
10.82
25.22
26.44
31.52
7.94
23.90
10.21
23.57
17.69
16.91
35.51
17.07
37.54
30.39
22.05
33.37
31.87
0.53
28.17
48.62
32.19
33.48
8.85
25.39
22.09
39.84
19.32
43.01
41.39
36.61
26.17
47.23
4.31
45.64
46.53
28.24
35.61
20.91
26.12
27.87
2.20
29.39
33.84
2.69
2.38
33.23
49.58
33.37
25.55
0.36
28.36
49.60
11.38
10.29
2.85
10.29
6.59
47.39
34.97
30.80
12.63
30.55
2.88
20.99
27.16
30.41
23.21
37.84
12.03
18.42
14.43
23.92
12.30
47.64
40.81
38.20
34.51
15.86
9.67
13.28
43.01
48.27
14.37
23.29
7.24
25.62
5.71
6.68
35.22
24.31
49.00
7.17
3.36
46.26
7.71
39.01
43.26
44.41
25.77
37.74
21.09
2.28
30.64
9.52
30.50
19.46
36.01
17.17
20.11
2.35
1.11
20.13
19.43
12.39
20.08
15.77
24.61
43.73
17.23
24.93
24.18
37.20
19.70
39.31
0.06
8.30
33.26
37.03
47.57
40.11
2.05
40.20
46.71
0.36
15.89
3.93
39.62
21.55
43.09
47.19
4.48
45.10
6.59
44.86
43.37
8.01
15.24
21.67
13.02
45.86
20.40
1.01
48.23
45.38
42.50
7.34
21.99
20.18
27.11
10.19
40.99
18.73
34.44
43.48
25.81
45.73
20.35
27.37
31.71
45.36
40.18
2.47
18.88
16.11
0.20
46.30
47.45
38.80
21.87
28.63
7.21
34.33
11.53
41.17
34.09
33.64
43.75
20.63
20.39
41.90
42.17
3.29
36.10
5.85
43.44
21.09
17.70
35.00
18.19
18.54
2.62
4.08
23.41
5.77
9.21
0.75
13.09
30.88
48.79
47.99
29.69
3.35
24.19
24.79
30.16
0.48
17.09
32.79
43.68
44.81
33.74
27.58
45.38
45.76
23.58
37.64
7.61
40.73
26.62
39.23
9.98
20.12
23.34
4.83
45.49
36.73
12.22
34.81
32.33
38.66
44.67
2.95
9.38
3.30
6.39
8.42
10.68
27.46
13.17
16.73
34.93
6.97
43.98
2.04
14.62
24.25
10.35
11.86
9.99
42.68
26.72
37.74
34.16
49.69
12.34
29.99
3.85
45.79
36.51
22.78
11.49
1.65
26.08
36.33
36.19
25.58
15.56
10.97
46.65
26.38
12.71
35.06
6.43
10.92
45.93
2.70
11.91
4.12
27.28
6.71
3.57
46.93
33.95
6.42
6.98
46.16