28.04
42.20
37.94
1.71
6.91
15.78
13.60
11.82
16.66
19.34
34.22
13.17
32.34
26.99
40.01
2.76
43.70
9.27
40.56
26.37
11.05
28.18
32.38
49.34
23.44
32.34
41.24
11.50
46.94
47.82
18.40
45.33
41.49
30.66
1.12
35.91
7.39
46.70
7.48
45.80
26.36
42.45
39.04
20.48
7.36
11.27
12.71
8.66
41.44
31.49
37.69
41.21
26.18
48.58
37.93
3.65
21.33
6.97
45.59
48.11
29.14
18.15
30.59
39.70
39.38
18.32
39.74
32.17
12.88
39.90
29.38
18.73
42.00
39.74
10.55
31.98
21.19
38.34
20.58
3.79
26.25
27.45
16.37
37.08
47.41
46.30
29.94
25.46
37.58
27.79
42.70
1.65
22.22
10.41
34.27
30.68
28.68
29.63
15.89
4.98
30.66
26.64
35.60
16.45
45.89
22.32
0.63
12.46
2.75
0.24
15.71
30.07
35.67
12.64
36.15
16.31
23.50
4.02
32.81
45.31
26.66
23.00
15.80
8.53
47.07
45.68
37.92
21.00
48.03
5.66
22.14
47.45
0.78
43.95
11.89
23.29
39.52
15.98
21.97
30.17
19.14
6.32
44.07
1.47
9.30
7.91
47.16
36.36
32.49
22.19
13.71
9.81
35.25
19.68
32.52
28.22
26.90
36.63
10.29
20.01
11.96
35.83
20.26
26.56
37.19
4.82
33.63
35.59
4.78
3.69
2.60
45.37
4.94
49.99
24.60
31.91
34.00
25.20
44.51
15.53
4.09
8.54
27.42
11.43
28.77
21.29
37.87
31.10
37.33
46.82
29.60
15.57
6.88
6.10
6.59
23.94
3.72
1.63
15.72
15.05
45.81
0.32
22.55
18.20
9.13
24.63
42.72
17.70
24.55
43.65
31.41
5.50
28.06
40.78
21.23
40.80
9.96
42.84
14.07
48.47
48.20
4.54
3.02
4.31
37.72
43.50
18.00
15.52
1.63
33.95
43.92
5.67
20.73
26.45
19.12
29.98
23.87
12.92
46.39
9.22
36.81
30.74
44.95
21.84
14.02
38.67
10.51
2.85
37.92
15.39
31.19
48.35
15.71
48.69
27.30
13.25
33.60
14.50
20.32
20.67
42.33
19.37
46.84
17.77
1.09
19.89
44.85
3.04
16.43
3.43
10.31
13.65
30.23
11.41
17.68
44.95
33.76
49.29
19.49
31.85
42.44
42.21
7.64
48.09
25.96
36.63
21.85
9.91
41.18
40.45
30.12
27.26
41.08
36.51
42.81
6.70
2.05
9.57
10.83
0.48
7.65
20.76
17.69
20.93
8.98
20.28
33.82
43.11
30.59
25.52
14.99
10.95
5.81
13.31
8.66
39.70
5.41
46.91
34.39
37.82
44.27
43.69
40.48
8.42
1.51
16.37
47.57
31.59
15.73
17.13
15.34
45.93
4.45
10.87
3.02
42.20
36.56
43.64
18.86
40.07
40.42
40.95
47.87
0.94
36.82
20.19
4.69
49.89
21.23
23.82
28.37
23.12
27.49
12.01
30.97
41.89
46.90
27.04
3.10
33.53
19.65
5.80
41.66
13.55
45.37
18.82
1.26
34.35
4.19
1.08
45.19
36.07
7.10
9.30
31.63
19.63
1.77
48.90
5.47
7.01
7.17
2.73
26.49
29.20
25.44
48.60
45.04
10.67
26.44
14.51
7.05
31.32
21.78
29.70
44.81
41.24
19.89
49.88
11.63
10.64
13.45
11.52
44.08
2.17
5.88
28.68
5.82
34.37
8.68
41.21
47.94
2.45
38.80
13.14
35.46
7.03
33.79
20.41
12.23
30.14
16.79
47.67
43.17
37.83
26.50
1.03
34.17
45.08
46.30
36.97
2.32
13.17
40.80
19.72
39.85
32.14
31.57
14.52
10.31
41.54
49.77
1.78
14.52
34.85
48.97
5.62
26.83
6.58
30.02
31.86
30.42
5.39
31.13
13.94
5.41
15.62
7.27
26.53
49.18
3.20
49.80
26.45
5.00
7.11
16.26
38.36
38.66
26.16
44.19
43.83
5.11
32.50
19.04
31.93
19.64
9.19
7.13
41.08
29.82
3.87
0.25
40.50
19.81
9.23
41.75
44.49
9.64
31.45
40.44
36.07
14.62
20.53
1.31
13.83
15.46
28.94
20.11
8.89
5.65
29.44
21.67
44.79
48.46
28.60
21.76
17.23
34.93
18.78
6.48
25.21
13.97
2.12
16.32
21.78
5.97
18.13
26.46
15.94
20.53
46.48
8.19
4.93
23.53
29.00
13.76
45.83
47.78
30.88
44.20
22.82
2.83
30.47
16.92
39.91
28.01
33.34
41.04
1.46
40.92
2.88
43.27
30.74
26.13
27.70
44.37
4.84
19.35
11.14
29.91
29.27
15.19
23.43
24.07
1.11
23.72
19.12
3.06
38.79
46.38
16.33
47.25
30.31
10.38
34.19
42.54
36.32
6.23
11.83
17.05
35.99
29.43
31.45
14.81
43.67
39.35
22.05
47.91
33.73
9.02
18.34
40.28
18.68
41.62
47.16
30.62
20.46
28.92
14.28
44.43
9.95
27.13
5.34
22.55
12.29
14.42
22.82
48.32
37.25
3.25
33.67
4.40
5.76
1.10
49.56
49.04
22.82
46.10
44.75
26.71
28.87
26.93
1.86
15.41
8.27
2.60
2.99
36.30
38.00
19.22
34.69
36.81
10.33
19.72
15.74
39.28
13.33
24.63
10.15
27.23
28.76
35.84
5.14
25.96
22.79
38.48
9.87
45.86
23.02
0.63
33.20
42.80
13.92
11.10
33.04
44.08
27.80
2.96
13.55
47.72
25.15
16.14
32.50
28.67
1.57
20.44
15.64
41.93
42.34
43.21
7.03
9.89
47.26
19.41
9.73
7.25
34.09
3.79
49.27
33.95
36.19
1.92
14.10
46.02
9.05
9.72
25.25
7.12
43.45
48.88
12.71
41.70
38.38
9.95
42.18
37.08
48.61
3.40
36.65
17.25
26.55
28.73
3.99
0.17
20.54
4.26
46.29
34.26
49.61
27.64
1.99
34.86
7.54
43.12
13.90
34.06
37.00
32.05
30.58
31.06
33.03
12.40
37.44
26.47
37.69
15.43
9.12
36.71
41.92
36.38
10.64
6.57
45.46
42.34
48.76
19.42
29.52
8.39
9.26
40.11
37.07
21.94
3.05
17.73
3.19
46.83
36.98
14.10
39.20
28.94
27.00
43.91
29.58
34.73
29.61
18.44
43.05
22.74
12.81
19.79
8.82
43.85
19.45
35.11
27.08
42.59
18.83
45.61
19.92
38.30
44.78
43.06
22.84
10.52
20.46
20.39
49.78
8.27
12.93
33.49
34.37
8.51
22.08
28.41
37.27
49.16
12.76
43.56
46.89
14.61
49.82
39.35
33.06
35.31
4.52
16.93
40.49
20.27
15.83
3.80
23.85
30.63
49.85
31.08
38.35
26.95
20.75
19.09
14.62
3.21
8.40
28.17
1.73
28.42
12.96
8.77
21.96
33.07
5.29
4.82
32.43
18.69
46.29
13.20
33.62
32.67
3.87
30.97
41.18
23.01
24.30
48.25
35.22
21.99
29.03
11.03
42.87
23.02
39.16
22.94
21.42
46.66
11.92
20.86
36.31
28.10
34.29
39.12
20.74
29.69
3.95
13.55
33.06
4.47
15.95
15.05
37.78
43.31
35.18
30.63
35.31
2.80
31.30
17.53
12.42
25.05
16.95
25.31
10.49
7.82
15.25
41.72
34.04
23.77
34.45
16.31
7.12
30.56
10.17
3.79
5.39
3.90
12.87
47.64
6.84
2.59
28.20
16.19
9.51
44.85
6.83
1.94
30.39
22.07
25.42
3.84
19.65
1.45
48.41
34.40
4.59
9.09
20.82
26.97
35.31
4.35
33.18
0.07
20.74
6.67
32.27
6.07
35.82
23.82
17.28
2.58
26.71
36.92
42.65
32.39
12.84
27.02
16.88
12.61
48.33
13.59
31.31
2.20
1.72
27.78
44.85
18.44
24.25
24.85
38.27
1.36
28.51
47.18
47.89
12.64
17.96
7.47
12.64
19.37
34.95
13.93
16.65
10.23
24.63
42.14
19.32
30.92
49.26
14.10
17.92
14.86
31.77
10.17
9.26
32.92
22.04
26.47
25.61
37.62
48.69
43.70
36.57
18.82
39.85
23.58
45.86
25.04
9.10
22.39
35.03
15.42
2.42
28.34
19.47
11.65
16.05
39.58
37.47
10.63
30.86
37.97
30.90
10.40
9.88
26.26
18.98
24.45
23.02
18.17
12.65
33.13
40.26
29.68
29.62
41.30
20.77
43.45
6.46
26.55
43.82
48.38
13.85
12.50
44.04
24.07
21.07